V1M4W2 = [26.693     0     2.06896551724    0     9.97059580394;
    26.727     0     2.40517241379    0     10.052753474;
    26.76 0     2.74137931034    0.0258104480694  10.0912548178;
    26.793     0     3.0775862069     0.0648172154524  9.93202899168;
    26.827     0     3.41379310345    0.17144879053    9.57218219249;
    26.86 0.0258620689655  3.72413793103    -0.0427817807514 9.12184765826;
    26.894     0     4.00862068966    -0.295373365814  9.12467551131;
    26.927     -0.0258620689655 4.31896551724    0.228333372616 9.55718056898;
    26.96 0.0258620689655  4.65517241379    0.914315569488   9.91118077325]
%%time x y x velocity y velocity