V1M3W1 = [19.52 0.0258620689655  2.27586206897    -0.739289446186  11.1272204807; 
    19.553     0     2.63793103448    -0.629080538336  11.2035967662;
    19.586     -0.0258620689655 3.02586206897    -0.322634945573 11.0443942795;
    19.62 -0.0258620689655 3.38793103448    0.0432654913145  10.6295710648;
    19.653     -0.0258620689655 3.72413793103    0.45618303467 10.5312192954;
    19.686     0.0258620689655  4.08620689655    0.28362817819 10.3756263357;
    19.72 0     4.4224137931     -0.0743850103901 10.1839454529;
    19.753     0     4.75862068966    -0.0855635615028 10.1635240724]


%%Time X Y Xvelocity Yvelocity