V1M1W1 = [11.011     0     2.89521436741    0.173237917641   9.73063875907;
    11.044     0     3.23429352756    0.314278199158   9.2627427996;
    11.078     0.026083012319   3.49512365075    0.286051254276 9.34521636389;
    11.111     0.026083012319   3.86028582322    0.10835480242 9.4460968065;
    11.144     0.026083012319   4.14719895873    0.0653709581931 8.89028769993;
    11.178     0.026083012319   4.43411209424    0.103735280025 8.91967999554;
    11.211     0.0521660246381  4.72102522975    -0.313173452183 9.48995860999;
    11.245     0     5.08618740221    -0.939954926045  10.1636735895]