V1M4W1 = [26.66 -0.0258620689655 2.19827586207    -0.0431034482759 11.762971974;
    26.693     -0.0258620689655 2.58620689655    -0.0862068965517 11.6234100434;
    26.727     -0.0258620689655 3     -0.167190066599  11.098327571;
    26.76 -0.051724137931  3.33620689655    0.0858852290273  10.4427314836;
    26.793     -0.0258620689655 3.6724137931     0.476628692858 10.2342467171;
    26.827     0     4.00862068966    0.397822915498   10.3769459676;
    26.86 0     4.37068965517    0.21487390633    10.684040612]

%%time x y x velocity y velocity