V1M1W2 = [10.978     0     1.99126637555    0.0436681222707  10.9659917957;
    11.011     0     2.35807860262    0.0873362445415  10.63836646;
    11.044     0     2.72489082969    0.221835003443   9.92079671171;
    11.078     0.0262008733624  3.01310043668    0.0875004104147 9.46170500226;
    11.111     0     3.32751091703    0.087010363032   9.79347999976;
    11.144     0.0262008733624  3.66812227074    0.217254339655 9.95302569139;
    11.178     0.0262008733624  4.00873362445    0.0433422407613 9.78459232223;
    11.211     0.0262008733624  4.3231441048     -0.0651763018966 9.63273153881;
    11.245     0.0262008733624  4.63755458515    -0.282920688935 9.88833943687;
    11.278     0     4.97816593886    -0.285501827899  10.3208155333;
    11.311     0     5.34497816594    -0.0918149254893 10.0800956624;
    11.345     0     5.65938864629    -0.0328331746397 9.68596293576;
    11.378     0     5.97379912664    0     9.55164629413]
%t x y Vx Vy