V1M1W3 = [11.612     4.46802580976e-155.94761032029    0     10.4803121729
    11.645     4.46802580976e-156.28822046591    0     10.4286747268
    11.678     4.46802580976e-156.65503139196    -0.0263060044510.08851359511.712     4.46802580976E-156.99564153758    -0.06566611637149.0051130676811.745     4.46802580976E-157.20524778104    -0.198490760859.2442776170311.778     -0.0262007804322 7.59825948752    0     9.7342666835911.812     4.46802580976E-157.88646807227    0.195528212189.5594172238511.845     4.46802580976E-158.22707821789    0.08647122254859.6631591197911.879     4.46802580976E-158.54148758308    0.04323561127429.4389526773]