V1M4W3 =[27.06 0.0258620689655  3.93103448276    -0.552095001665  10.8662317217;
    27.094     0     4.29310344828    -0.311374163664  11.0190427174;
    27.127     0     4.68103448276    -0.115954401028  10.8178697114;
    27.16 0     5.01724137931    -0.0862617170822 10.383330947;
    27.194     0     5.37931034483    -0.214552238806  9.89449305198;
    27.227     -0.0258620689655 5.66379310345    -0.0643335048893 9.82983787957;
    27.261     0     6.02586206897    0     10.1031012942;
    27.294     -0.0258620689655 6.36206896552    0.0643335048893 9.86951960487;
    27.327     0     6.6724137931     0.225167267113   9.77354606279;
    27.361     0     7.00862068966    0.128667009779   9.79882534589]
%t x y Vx Vy