V1M3W2 = [19.553     0.0258620689655  2.14655172414    -0.21487390633 10.5553736022;
    19.586     0.0258620689655  2.50862068966    -0.430231523224 10.1515368452;
    19.62 0     2.81896551724    -0.56725635638   10.0661877094;
    19.653     -0.0258620689655 3.18103448276    -0.367695222945 10.0345353951;
    19.686     -0.0258620689655 3.49137931034    -0.107920663728 9.74707016512;
    19.72 -0.0258620689655 3.8275862069     -0.0259659326963 9.63691018374;
    19.753     -0.0258620689655 4.13793103448    0     9.47987130836;
    19.786     -0.0258620689655 4.44827586207    0     9.43181818182]

%%Time X Y Xvelocity Yvelocity