V1M3W3 = [19.953     0     4.37068965517    0.0431034482759  9.71893827011;
    19.987     0     4.68103448276    0.118373648996   10.2135872362;
    20.02 0     5.06896551724    0.286068717849   10.2228460778;
    20.053     0.0258620689655  5.37931034483    0.25781773012 9.64043859004;
    20.087     0.0258620689655  5.68965517241    0.0215517241379 9.68209090663;
    20.12 0.0258620689655  6.02586206897    -0.19592476489   9.79550718196;
    20.153     0     6.33620689655    -0.0906276635218 9.94974959781;
    20.187     0.0258620689655  6.69827586207    -0.118615504278 9.94671444437;
    20.22 0     7.00862068966    -0.434952978057  9.6854676461]
%time x y xvelocity yvelocity